4,98
4,02
3,24
2,61
2,11
1,70
1,37
1,10
0,89
0,72
0,58
0,47
0,38
0,30

4,98 4,02 3,24 2,61 2,11 1,70 1,37 1,10 0,89 0,72 0,58 0,47 0,38 0,30
4.98 4.02 3.24 2.61 2.11 1.70 1.37 1.10 0.89 0.72 0.58 0.47 0.38 0.30

mag<-1?:4.98:mag<0?4.02:mag<1?3.24:mag<2?2.61:mag<3?2.11:mag<4?1.70:mag<5?1.37:mag<6?1.10:mag<7?0.89:mag<8?0.72:mag<9?0.58:mag<10?0.47:mag<11?0.38:0.30
mag&#x003c;-1?:4.98:mag&#x003c;0?4.02:mag&#x003c;1?3.24:mag&#x003c;2?2.61:mag&#x003c;3?2.11:mag&#x003c;4?1.70:mag&#x003c;5?1.37:mag&#x003c;6?1.10:mag&#x003c;7?0.89:mag&#x003c;8?0.72:mag&#x003c;9?0.58:mag&#x003c;10?0.47:mag&#x003c;11?0.38:0.30

Vmag<-1?:4.98:Vmag<0?4.02:Vmag<1?3.24:Vmag<2?2.61:Vmag<3?2.11:Vmag<4?1.70:Vmag<5?1.37:Vmag<6?1.10:Vmag<7?0.89:Vmag<8?0.72:Vmag<9?0.58:Vmag<10?0.47:Vmag<11?0.38:0.30
Vmag&#x003c;-1?:4.98:Vmag&#x003c;0?4.02:Vmag&#x003c;1?3.24:Vmag&#x003c;2?2.61:Vmag&#x003c;3?2.11:Vmag&#x003c;4?1.70:Vmag&#x003c;5?1.37:Vmag&#x003c;6?1.10:Vmag&#x003c;7?0.89:Vmag&#x003c;8?0.72:Vmag&#x003c;9?0.58:Vmag&#x003c;10?0.47:Vmag&#x003c;11?0.38:0.30

<Script purpose="circlelettering" value=" &#x2264; -1 "/>
<Script purpose="4.98" value="&#xf811;"/>
<Script purpose="circlelettering" value=" 0 "/>
<Script purpose="4.02" value="&#xf811;"/>
<Script purpose="circlelettering" value=" 1 "/>
<Script purpose="3.24" value="&#xf811;"/>
<Script purpose="circlelettering" value=" 2 "/>
<Script purpose="2.61" value="&#xf811;"/>
<Script purpose="circlelettering" value=" 3 "/>
<Script purpose="2.11" value="&#xf811;"/>
<Script purpose="circlelettering" value=" 4 "/>
<Script purpose="1.70" value="&#xf811;"/>
<Script purpose="circlelettering" value=" 5 "/>
<Script purpose="1.37" value="&#xf811;"/>
<Script purpose="circlelettering" value=" 6 "/>
<Script purpose="1.10" value="&#xf811;"/>
<Script purpose="circlelettering" value=" 7 "/>
<Script purpose="0.89" value="&#xf811;"/>
<Script purpose="circlelettering" value=" 8 "/>
<Script purpose="0.72" value="&#xf811;"/>
<Script purpose="circlelettering" value=" 9 "/>
<Script purpose="0.58" value="&#xf811;"/>
<Script purpose="circlelettering" value=" 10 "/>
<Script purpose="0.47" value="&#xf811;"/>
<Script purpose="circlelettering" value=" 11 "/>
<Script purpose="0.38" value="&#xf811;"/>
<Script purpose="circlelettering" value=" &#x2265; 12 "/>
<Script purpose="0.30" value="&#xf811;"/>

					<!--CatalogADC7118 attribute nature-->
					<entry key="cluster" value=".28:0.4:0.5"/>
					<entry key="galaxy" value=".28:0"/>
					<entry key="nebula" value=".28:0.2"/>
					<!--CatalogADC7237 attribute nature-->
					<entry key="multiple" value=".28:0.4:0.5"/>
					<entry key="uncertain" value=".28:0"/>


x AnnotationCurved.java
x AnnotationStraight.java
x ApplicationConstant.java
- Artefact.java
x Astrolabe.java
x AstrolabeFactory.java
o AstrolabePostscriptStream.java
x AstrolabeReader.java
o AstrolabeRegistry.java
x AtlasAzimuthalType.java
x AtlasEquidistant.java
x AtlasGnomonic.java
x AtlasOrthographic.java
x AtlasPage.java
x AtlasStereographic.java
o AuxiliaryEmitter.java
o Baseline.java
x BodyAreal.java
x BodyElliptical.java
x BodyMoon.java
x BodyParabolical.java
x BodyPlanet.java
x BodyStellar.java
x BodySun.java
o CastorJREEvaluator.java
o Catalog.java
x CatalogADC1239H.java
o CatalogADC1239HRecord.java
x CatalogADC1239T.java
o CatalogADC1239TRecord.java
x CatalogADC5050.java
o CatalogADC5050Record.java
x CatalogADC5109.java
o CatalogADC5109Record.java
x CatalogADC6049.java
o CatalogADC6049Record.java
x CatalogADC7118.java
o CatalogADC7118Record.java
x CatalogADC7237.java
o CatalogADC7237Record.java
x CatalogRecord.java
x ChartAzimuthalType.java
x ChartEquidistant.java
x ChartGnomonic.java
x ChartOrthographic.java
x ChartPage.java
x ChartStereographic.java
x CircleMeridian.java
x CircleNorthernPolar.java
x CircleNorthernTropic.java
x CircleParallel.java
x CircleSouthernPolar.java
x CircleSouthernTropic.java
x Configuration.java
o CoordinateSystem.java
o DMS.java
x DialDay.java
x DialDegree.java
x DialHour.java
x Frame.java
x GSPaintColor.java
x GSPaintStroke.java
x GraduationFull.java
x GraduationHalf.java
x GraduationSpan.java
x HorizonEcliptical.java
x HorizonEquatorial.java
x HorizonGalactic.java
x HorizonLocal.java
o JTSCoordinate.java
o JTSCoordinateArraySequence.java
x Layout.java
o ListCutter.java
o Math.java
o MessageCatalog.java
o OutlineElliptical.java
o ParameterNotValidException.java
o ParserAttribute.java
o ParserSubstitute.java
o Peer.java
o PolygonPlane.java
x PolygonSphere.java
o PostscriptEmitter.java
o PostscriptStream.java
o Projector.java
x Rational.java
o Registry.java
- Script.java
- Sign.java
o TeeOutputStream.java
o UnicodeBlock.java
o UnicodePostscriptStream.java
o Vector.java

o <xs:attribute name="PA" type="xs:double" use="required"/>
o <xs:attribute name="T" type="xs:double" use="required"/>
o <xs:attribute name="T" type="xs:double" use="required"/>
o <xs:attribute name="a" type="xs:double" use="required"/>
<xs:attribute name="anchor" use="required">
<xs:attribute name="anchor" use="required">
o <xs:attribute name="baseline" use="required">
o <xs:attribute name="bcp" type="xs:positiveInteger" use="required"/>
o <xs:attribute name="bottomx" type="xs:double" use="required"/>
o <xs:attribute name="bottomy" type="xs:double" use="required"/>
o <xs:attribute name="centerx" type="xs:double" use="required"/>
o <xs:attribute name="centery" type="xs:double" use="required"/>
<xs:attribute name="circle" use="optional">
<xs:attribute name="circle" use="required">
o <xs:attribute name="d" use="required">
o <xs:attribute name="deg" use="required">
o <xs:attribute name="distance" use="required">
o <xs:attribute name="division" use="required">
o <xs:attribute name="e" type="xs:double" use="required"/>
<xs:attribute name="equinox" type="xs:double" use="required"/>
<xs:attribute name="equinox" type="xs:double" use="required"/>
o <xs:attribute name="fcp" type="xs:positiveInteger" use="required"/>
<xs:attribute name="fov" use="optional">
<xs:attribute name="fov" use="optional">
o <xs:attribute name="hrs" use="required">
o <xs:attribute name="i" type="xs:double" use="required"/>
o <xs:attribute name="i" type="xs:double" use="required"/>
o <xs:attribute name="importance" use="required">
o <xs:attribute name="locale" use="optional">
o <xs:attribute name="m" use="required">
o <xs:attribute name="marshal" type="xs:anyURI" use="required"/>
<xs:attribute name="min" use="required">
<xs:attribute name="min" use="required">
<xs:attribute name="name" type="xs:string" use="optional"/>
<xs:attribute name="name" type="xs:string" use="optional"/>
<xs:attribute name="name" type="xs:string" use="optional"/>
<xs:attribute name="name" type="xs:string" use="optional"/>
<xs:attribute name="name" type="xs:string" use="optional"/>
<xs:attribute name="name" type="xs:string" use="optional"/>
<xs:attribute name="name" type="xs:string" use="optional"/>
<xs:attribute name="name" type="xs:string" use="optional"/>
<xs:attribute name="name" type="xs:string" use="optional"/>
<xs:attribute name="name" type="xs:string" use="optional"/>
<xs:attribute name="name" type="xs:string" use="optional"/>
<xs:attribute name="name" type="xs:string" use="optional"/>
<xs:attribute name="name" type="xs:string" use="optional"/>
<xs:attribute name="name" type="xs:string" use="optional"/>
<xs:attribute name="name" type="xs:string" use="optional"/>
<xs:attribute name="name" type="xs:string" use="optional"/>
<xs:attribute name="name" type="xs:string" use="optional"/>
<xs:attribute name="nature" use="required">
<xs:attribute name="nature" use="required">
<xs:attribute name="nature" use="required">
<xs:attribute name="nature" use="required">
<xs:attribute name="nature" use="required">
<xs:attribute name="neg" type="xs:boolean" use="required"/>
<xs:attribute name="neg" type="xs:boolean" use="required"/>
o <xs:attribute name="node" use="required">
o <xs:attribute name="northern" type="xs:boolean" use="required"/>
o <xs:attribute name="num" type="xs:positiveInteger" use="required"/>
